kernel line : count latency dram_traffic smem_bk_conflicts smem_warp gmem_access_generated gmem_warp exposed_latency warp_divergence
_1.ptx 125 : 4000000 25766688 0 0 0 0 0 0 0 
_1.ptx 124 : 4000000 33420608 0 0 0 0 0 0 0 
_1.ptx 123 : 4000000 44850400 0 0 0 0 0 0 0 
_1.ptx 122 : 4000000 154563424 16000000 0 0 125000 125000 0 0 
_1.ptx 121 : 4000000 45030656 0 0 0 0 0 0 0 
_1.ptx 120 : 4000000 44912512 0 0 0 0 0 0 0 
_1.ptx 119 : 4000000 45063328 0 0 0 0 0 0 0 
_1.ptx 118 : 4000000 44990496 0 0 0 0 0 0 0 
_1.ptx 117 : 4000000 45065312 0 0 0 0 0 0 0 
_1.ptx 116 : 4000000 44743136 0 0 0 0 0 0 0 
_1.ptx 115 : 4000000 142025728 16000000 0 0 125000 125000 0 0 
_1.ptx 114 : 4000000 44850592 0 0 0 0 0 0 0 
_1.ptx 113 : 4000000 44813632 0 0 0 0 0 0 0 
_1.ptx 112 : 4000000 44877888 0 0 0 0 0 0 0 
_1.ptx 111 : 4000000 44879616 0 0 0 0 0 0 0 
_1.ptx 110 : 4000000 44703264 0 0 0 0 0 0 0 
_1.ptx 109 : 4000000 132307840 0 0 0 0 0 0 0 
_1.ptx 108 : 4000000 41492384 0 0 0 0 0 0 0 
_1.ptx 107 : 4000000 45361760 0 0 0 0 0 0 0 
_1.ptx 106 : 4000000 37039040 0 0 0 0 0 0 0 
_1.ptx 105 : 4000000 44801888 0 0 0 0 0 0 0 
_1.ptx 104 : 4000000 29945088 0 0 0 0 0 0 0 
_1.ptx 103 : 4000000 45045344 0 0 0 0 0 0 0 
_1.ptx 102 : 4000000 44781024 0 0 0 0 0 0 0 
_1.ptx 101 : 4000000 33118144 0 0 0 0 0 0 0 
_1.ptx 100 : 4000000 33289952 0 0 0 0 0 0 0 
_1.ptx 99 : 4000000 33314848 0 0 0 0 0 0 0 
_1.ptx 98 : 4000000 29995200 0 0 0 0 0 0 0 
_1.ptx 97 : 4000000 41298592 0 0 0 0 0 0 0 
_1.ptx 96 : 4000000 144944544 0 0 0 0 0 0 0 
_1.ptx 95 : 4000000 41571872 0 0 0 0 0 0 0 
_1.ptx 94 : 4000000 44911488 0 0 0 0 0 0 0 
_1.ptx 93 : 4000000 41361920 0 0 0 0 0 0 0 
_1.ptx 92 : 4000000 132171328 0 0 0 0 0 0 0 
_1.ptx 91 : 4000000 30023520 0 0 0 0 0 0 0 
_1.ptx 90 : 4000000 34372768 0 0 0 0 0 0 0 
_1.ptx 89 : 4000000 37267808 0 0 0 0 0 0 0 
_1.ptx 88 : 4000000 44837504 0 0 0 0 0 0 0 
_1.ptx 87 : 4000000 30164224 0 0 0 0 0 0 0 
_1.ptx 86 : 4000000 44892480 0 0 0 0 0 0 0 
_1.ptx 85 : 4000000 44825888 0 0 0 0 0 0 0 
_1.ptx 84 : 4000000 33123392 0 0 0 0 0 0 0 
_1.ptx 83 : 4000000 33277056 0 0 0 0 0 0 0 
_1.ptx 82 : 4000000 33273952 0 0 0 0 0 0 0 
_1.ptx 81 : 4000000 30048864 0 0 0 0 0 0 0 
_1.ptx 80 : 4000000 41291296 0 0 0 0 0 0 0 
_1.ptx 79 : 4000000 148818400 0 0 0 0 0 0 0 
_1.ptx 52 : 61440 674656 0 0 0 0 0 0 0 
_1.ptx 51 : 61440 1509856 0 0 0 0 0 0 0 
_1.ptx 50 : 61440 466272 0 0 0 0 0 0 0 
_1.ptx 49 : 61440 518592 0 0 0 0 0 0 0 
_1.ptx 48 : 61440 496416 0 0 0 0 0 0 0 
_1.ptx 47 : 61440 492000 0 0 0 0 0 0 0 
_1.ptx 46 : 61440 479808 0 0 0 0 0 0 0 
_1.ptx 45 : 61440 477856 0 0 0 0 0 0 0 
_1.ptx 43 : 61440 0 0 0 0 0 0 0 0 
_1.ptx 42 : 61440 521856 0 0 0 0 0 0 0 
_1.ptx 41 : 61440 1457664 0 0 0 0 0 0 0 
_1.ptx 40 : 61440 402496 0 0 0 0 0 0 0 
_1.ptx 33 : 61440 525376 0 0 0 0 0 0 0 
_1.ptx 32 : 61440 534112 0 0 0 0 0 0 0 
_1.ptx 128 : 61440 406240 0 0 0 0 0 0 0 
_1.ptx 31 : 61440 2388416 0 0 0 0 0 0 0 
_1.ptx 78 : 4000000 41516736 0 0 0 0 0 0 0 
_1.ptx 30 : 61440 2666816 128 0 0 0 0 0 0 
_1.ptx 77 : 4000000 45031392 0 0 0 0 0 0 0 
_1.ptx 34 : 61440 296704 0 0 0 0 0 0 0 
_1.ptx 35 : 61440 303680 0 0 0 0 0 0 0 
_1.ptx 36 : 61440 286656 0 0 0 0 0 0 0 
_1.ptx 37 : 61440 283936 0 0 0 0 0 0 0 
_1.ptx 38 : 61440 394752 0 0 0 0 0 0 0 
_1.ptx 39 : 61440 404544 0 0 0 0 0 0 0 
_1.ptx 53 : 61440 598208 0 0 0 0 0 0 0 
_1.ptx 54 : 61440 597888 0 0 0 0 0 0 0 
_1.ptx 57 : 4000000 116055488 0 0 0 0 0 0 0 
_1.ptx 58 : 4000000 45023712 0 0 0 0 0 0 0 
_1.ptx 59 : 4000000 45149088 0 0 0 0 0 0 0 
_1.ptx 60 : 4000000 45681504 0 0 0 0 0 0 0 
_1.ptx 61 : 4000000 2899654464 16000000 0 0 125000 125000 0 0 
_1.ptx 62 : 4000000 130701408 0 0 0 0 0 0 0 
_1.ptx 63 : 4000000 2843191904 16000000 0 0 125000 125000 0 0 
_1.ptx 64 : 4000000 2879250304 16000000 0 0 125000 125000 0 0 
_1.ptx 65 : 4000000 254917376 0 0 0 0 0 0 0 
_1.ptx 66 : 4000000 130933504 0 0 0 0 0 0 0 
_1.ptx 67 : 4000000 44934368 0 0 0 0 0 0 0 
_1.ptx 68 : 4000000 33620512 0 0 0 0 0 0 0 
_1.ptx 69 : 4000000 44933504 0 0 0 0 0 0 0 
_1.ptx 70 : 4000000 273679584 0 0 0 0 0 0 0 
_1.ptx 71 : 4000000 45078400 0 0 0 0 0 0 0 
_1.ptx 72 : 4000000 30799136 0 0 0 0 0 0 0 
_1.ptx 73 : 4000000 30680672 0 0 0 0 0 0 0 
_1.ptx 74 : 4000000 27851584 0 0 0 0 0 0 0 
_1.ptx 75 : 4000000 131490016 0 0 0 0 0 0 0 
_1.ptx 76 : 4000000 41077504 0 0 0 0 0 0 0 
