 model {dramid@<s
 f0000000 
 0 
 f0000080 
 80000300 
 80000400 
 80001300 
 80000000 
 80001400 
 80000080 
 80000100 
 80002300 
 80001000 
 80000180 
 80002400 
 80001080 
 80000200 
 80001100 
 80000280 
 80003300 
 80001180 
 80002000 
 80003400 
 80000380 
 80001200 
 80002080 
 80000480 
 80001280 
 80002100 
 80000500 
 80003000 
 80001380 
 80002180 
 80000580 
 80002200 
 80003080 
 80001480 
 80000600 
 80002280 
 80003100 
 80001500 
 80000700 
 80002380 
 80003180 
 80001580 
 80000780 
 80001600 
 80002480 
 80003200 
 80000680 
 80001700 
 80002500 
 80003280 
 80001780 
 80002580 
 80003380 
 80003480 
 80002600 
 80001680 
 80003500 
 80002700 
 80003580 
 80002780 
 80003600 
 80002680 
 80003700 
 80003780 
 80003680 
 80000b00 
 80003b00 
 80000c00 
 80000800 
 80001b00 
 80002b00 
 80001c00 
 80002800 
 80001800 
 80000900 
 80001900 
 80002900 
 80000b80 
 80000880 
 80002880 
 80001a00 
 80001b80 
 80000980 
 80002980 
 80003b80 
 80000a00 
 80003900 
 80002a00 
 80001c80 
 80002b80 
 80000f00 
 80003980 
 80001880 
 80002c00 
 80000a80 
 80001d00 
 80001980 
 80002d00 
 80003a00 
 80000f80 
 80001f00 
 80002f00 
 80003c00 
 80000c80 
 80001a80 
 80003800 
 80000d00 
 80002a80 
 80000d80 
 80002d80 
 80001e00 
 80000e00 
 80003f00 
 80001d80 
 80002f80 
 80003a80 
 80000e80 
 80001f80 
 80002e00 
 80003c80 
 80002e80 
 80003d00 
 80001e80 
 80003e00 
 80003880 
 80002c80 
 80003f80 
 80003d80 
 80003e80 
 f0000100 
 80006000 
 80006000 
 80006080 
 80006800 
 80006080 
 80006800 
 80007080 
 80006100 
 80006880 
 80007080 
 80006100 
 80006880 
 80007180 
 80007800 
 80006900 
 80007180 
 80007800 
 80006300 
 80006900 
 80006300 
 80006400 
 80007880 
 80006980 
 80006400 
 80007880 
 80006980 
 80006a00 
 80007900 
 80007000 
 80006a00 
 80007900 
 80007000 
 80006480 
 80006b00 
 80007b00 
 80006480 
 80006b00 
 80007b00 
 80006a80 
 80007700 
 80006180 
 80007c00 
 80006a80 
 80007700 
 80006180 
 80007c00 
 f0000180 
 80007c80 
 80007280 
 80007c80 
 80007280 
 80006200 
 80006200 
 80006c00 
 80006c00 
 80007980 
 80007400 
 80007980 
 80007400 
 80006600 
 80006600 
 80006c80 
 80006c80 
 80006280 
 80006280 
 80006b80 
 80007100 
 80006b80 
 80007100 
 80007a00 
 80006380 
 80007a00 
 80006380 
 80007200 
 80006d00 
 80007200 
 80006d00 
 80006700 
 80006700 
 80007e00 
 80006e00 
 80007e00 
 80006e00 
 80006580 
 80007300 
 80006580 
 80007300 
 80006d80 
 80007a80 
 80006d80 
 80007a80 
 80006680 
 80007380 
 80006680 
 80007380 
 80006e80 
 80007b80 
 80006e80 
 80007b80 
 80006500 
 80007500 
 80006500 
 80007500 
 80007f00 
 80006f00 
 80007f00 
 80006f00 
 80007580 
 80007580 
 80007d80 
 80006780 
 80006f80 
 80007d80 
 80006780 
 80006f80 
 80007480 
 80007480 
 80007e80 
 80007e80 
 80007780 
 80007780 
 80007d00 
 80007d00 
 80007600 
 80007600 
 80007f80 
 80007f80 
 80007680 
 80007680 
 f0000200 
 f0000290 
 80005000 
 80005000 
 80005400 
 80005100 
 80005400 
 80005100 
 80005800 
 80005800 
 80005500 
 80005180 
 80005500 
 80005180 
 80005280 
 80005a00 
 80005580 
 80005c00 
 80005280 
 80005a00 
 80005580 
 80005c00 
 80005200 
 80005980 
 80005680 
 80005d00 
 80005200 
 80005980 
 80005680 
 80005d00 
 80005300 
 80005600 
 80005d80 
 80005900 
 80005600 
 80005d80 
 80005300 
 80005900 
 80005e80 
 80005b00 
 80005080 
 80005700 
 80005e80 
 80005b00 
 80005080 
 80005700 
 80005880 
 80005380 
 80005480 
 80005e00 
 80005380 
 80005480 
 80005880 
 80005e00 
 80005f00 
 80005a80 
 80005780 
 80005f00 
 80005a80 
 80005780 
 80005b80 
 80005c80 
 80005b80 
 80005c80 
 80005f80 
 80005f80 
 80004800 
 80004800 
 80004a00 
 80004880 
 80004a00 
 80004880 
 80004c00 
 80004c00 
 80004a80 
 80004900 
 80004a80 
 80004900 
 80004c80 
 80004c80 
 80004e00 
 80004b00 
 80004e00 
 80004980 
 80004b00 
 80004980 
 80004d00 
 80004d00 
 80004e80 
 80004b80 
 80004e80 
 80004b80 
 80004d80 
 80004d80 
 80004f00 
 80004f00 
 80004f80 
 80004f80 
 80004480 
 80004480 
 80004580 
 80004580 
 80004400 
 80004400 
 80004680 
 80004680 
 80004500 
 80004500 
 80004780 
 80004600 
 80004780 
 80004600 
 80004700 
 80004700 
 80004280 
 80004280 
 80004200 
 80004200 
 80004380 
 80004380 
 80004300 
 80004300 
 80004140 
 80004140 
 80004100 
 800041c0 
 800041c0 
 80004180 
 800040a0 
 800040a0 
 80004080 
 800040e0 
 800040c0 
 80004040 
 80004040 
 80004040 
 80004060 
 80004060 
 80008000 
 80008000 
 80008000 
 80008000 
 80008000 
